0.200023
0.20042
0.200572
0.200282
0.200313
0.200587
0.200862
0.200114
0.200786
0.200221
0.200923
0.200786
0.200298
0.200969
0.200496
0.200145
0.200206
0.200984
0.200572
0.200526
0.200694
0.200694
0.200893
0.200526
0.200755
0.200267
0.20013
0.200008
0.200465
0.200877
0.200298
0.200816
0.200557
0.200221
0.200206
0.200679
0.200862
0.200389
0.20042
0.200771
0.200572
0.200786
0.200404
0.200481
0.200923
0.200496
0.200343
0.200694
0.200374
0.200725
0.200801
0.200114
0.200847
0.200008
0.200771
0.200557
0.20045
0.200877
0.200816
0.200313
0.200618
0.200954
0.200069
0.200389
0.200038
0.200923
0.200618
0.200343
0.200801
0.200679
0.200237
0.200694
0.200877
0.200771
0.20016
0.20042
0.200725
0.200603
0.200862
0.200191
0.200374
0.200969
0.200908
0.200496
0.200252
0.200816
0.200984
0.200389
0.200252
0.200084
0.200526
0.200328
0.200343
0.200603
0.200908
0.200664
0.200237
0.200175
0.200603
0.20074
0.200954
0.200969
0.200587
0.20016
0.200069
0.200999
0.200267
0.200023
0.200954
0.200725
0.200237
0.200801
0.200221
0.20045
0.200938
0.200435
0.200511
0.200725
0.200206
0.200481
0.200404
0.200633
0.200648
0.200069
0.20071
0.200191
0.20016
0.20071
0.200145
0.200816
0.200359
0.200908
0.200267
0.200969
0.20016
0.200343
0.200038
0.20042
0.200313
0.200526
0.20071
0.200893
0.200038
0.200603
0.200099
0.200374
0.200679
0.200801
0.200053
0.20013
0.200633
0.200908
0.200481
0.200633
0.20013
0.200465
0.200847
0.200435
0.200954
0.200999
0.200023
0.200099
0.200404
0.200328
0.20074
0.200282
0.200221
0.200175
0.200053
0.200557
0.200893
0.200633
0.200572
0.200847
0.200237
0.200359
0.200648
0.200069
0.200298
0.200938
0.200313
0.200511
0.200618
0.200145
0.200679
0.200664
0.200832
0.200252
0.200328
0.200191
0.200206
0.200832
0.20013
0.200038
0.200771
0.200999
0.200237
0.200267
0.200282
0.200084
0.200755
0.200511
0.200465
0.200542
0.200175
0.200481
0.200542
0.200618
0.200648
0.200465
0.200008
0.200099
0.200557
0.200755
0.200435
0.200175
0.200145
0.200801
0.200999
0.200328
0.200664
0.200374
0.200725
0.20045
0.20074
0.200984
0.20074
0.200282
0.200114
0.200511
0.200435
0.200587
0.200847
0.200069
0.200664
0.200084
0.200969
0.200008
0.200893
0.200298
0.200114
0.200832
0.200542
0.200084
0.200877
0.200542
0.200496
0.200099
0.200252
0.20071
0.200755
0.200832
0.200359
0.20045
0.200053
0.200313
0.200938
0.200053
0.200938
0.200481
0.200587
0.200557
0.200191
0.200023
0.200389
0.200648
0.200786
0.200984
0.200404
0.200862
0.200359
0.200923
0.200023
0.20042
0.200572
0.200282
0.200313
0.200587
0.200862
0.200114
0.200786
0.200221
0.200923
0.200786
0.200298
0.200969
0.200496
0.200145
0.200206
0.200984
0.200572
0.200526
0.200694
0.200694
0.200893
0.200526
0.200755
0.200267
0.20013
0.200008
0.200465
0.200877
0.200298
0.200816
0.200557
0.200221
0.200206
0.200679
0.200862
0.200389
0.20042
0.200771
0.200572
0.200786
0.200404
0.200481
0.200923
0.200496
0.200343
0.200694
0.200374
0.200725
0.200801
0.200114
0.200847
0.200008
0.200771
0.200557
0.20045
0.200877
0.200816
0.200313
0.200618
0.200954
0.200069
0.200389
0.200038
0.200923
0.200618
0.200343
0.200801
0.200679
0.200237
0.200694
0.200877
0.200771
0.20016
0.20042
0.200725
0.200603
0.200862
0.200191
0.200374
0.200969
0.200908
0.200496
0.200252
0.200816
0.200984
0.200389
0.200252
0.200084
0.200526
0.200328
0.200343
0.200603
0.200908
0.200664
0.200237
0.200175
0.200603
0.20074
0.200954
0.200969
0.200587
0.20016
0.200069
0.200999
0.200267
0.200023
0.200954
0.200725
0.200237
0.200801
0.200221
0.20045
0.200938
0.200435
0.200511
0.200725
0.200206
0.200481
0.200404
0.200633
0.200648
0.200069
0.20071
0.200191
0.20016
0.20071
0.200145
0.200816
0.200359
0.200908
0.200267
0.200969
0.20016
0.200343
0.200038
0.20042
0.200313
0.200526
0.20071
0.200893
0.200038
0.200603
0.200099
0.200374
0.200679
0.200801
0.200053
0.20013
0.200633
0.200908
0.200481
0.200633
0.20013
0.200465
0.200847
0.200435
0.200954
0.200999
0.200023
0.200099
0.200404
0.200328
0.20074
0.200282
0.200221
0.200175
0.200053
0.200557
0.200893
0.200633
0.200572
0.200847
0.200237
0.200359
0.200648
0.200069
0.200298
0.200938
0.200313
0.200511
0.200618
0.200145
0.200679
0.200664
0.200832
0.200252
0.200328
0.200191
0.200206
0.200832
0.20013
0.200038
0.200771
0.200999
0.200237
0.200267
0.200282
0.200084
0.200755
0.200511
0.200465
0.200542
0.200175
0.200481
0.200542
0.200618
0.200648
0.200465
0.200008
0.200099
0.200557
0.200755
0.200435
0.200175
0.200145
0.200801
0.200999
0.200328
0.200664
0.200374
0.200725
0.20045
0.20074
0.200984
0.20074
0.200282
0.200114
0.200511
0.200435
0.200587
0.200847
0.200069
0.200664
0.200084
0.200969
0.200008
0.200893
0.200298
0.200114
0.200832
0.200542
0.200084
0.200877
0.200542
0.200496
0.200099
0.200252
0.20071
0.200755
0.200832
0.200359
0.20045
0.200053
0.200313
0.200938
0.200053
0.200938
0.200481
0.200587
0.200557
0.200191
0.200023
0.200389
0.200648
0.200786
0.200984
0.200404
0.200862
0.200359
0.200923
0.200023
0.20042
0.200572
0.200282
0.200313
0.200587
0.200862
0.200114
0.200786
0.200221
0.200923
0.200786
0.200298
0.200969
0.200496
0.200145
0.200206
0.200984
0.200572
0.200526
0.200694
0.200694
0.200893
0.200526
0.200755
0.200267
0.20013
0.200008
0.200465
0.200877
0.200298
0.200816
0.200557
0.200221
0.200206
0.200679
0.200862
0.200389
0.20042
0.200771
0.200572
0.200786
0.200404
0.200481
0.200923
0.200496
0.200343
0.200694
0.200374
0.200725
0.200801
0.200114
0.200847
0.200008
0.200771
0.200557
0.20045
0.200877
0.200816
0.200313
0.200618
0.200954
0.200069
0.200389
0.200038
0.200923
0.200618
0.200343
0.200801
0.200679
0.200237
0.200694
0.200877
0.200771
0.20016
0.20042
0.200725
0.200603
0.200862
0.200191
0.200374
0.200969
0.200908
0.200496
0.200252
0.200816
0.200984
0.200389
0.200252
0.200084
0.200526
0.200328
0.200343
0.200603
0.200908
0.200664
0.200237
0.200175
0.200603
0.20074
0.200954
0.200969
0.200587
0.20016
0.200069
0.200999
0.200267
0.200023
0.200954
0.200725
0.200237
0.200801
0.200221
0.20045
0.200938
0.200435
0.200511
0.200725
0.200206
0.200481
0.200404
0.200633
0.200648
0.200069
0.20071
0.200191
0.20016
0.20071
0.200145
0.200816
0.200359
0.200908
0.200267
0.200969
0.20016
0.200343
0.200038
0.20042
0.200313
0.200526
0.20071
0.200893
0.200038
0.200603
0.200099
0.200374
0.200679
0.200801
0.200053
0.20013
0.200633
0.200908
0.200481
0.200633
0.20013
0.200465
0.200847
0.200435
0.200954
0.200999
0.200023
0.200099
0.200404
0.200328
0.20074
0.200282
0.200221
0.200175
0.200053
0.200557
0.200893
0.200633
0.200572
0.200847
0.200237
0.200359
0.200648
0.200069
0.200298
0.200938
0.200313
0.200511
0.200618
0.200145
0.200679
0.200664
0.200832
0.200252
0.200328
0.200191
0.200206
0.200832
0.20013
0.200038
0.200771
0.200999
0.200237
0.200267
0.200282
0.200084
0.200755
0.200511
0.200465
0.200542
0.200175
0.200481
0.200542
0.200618
0.200648
0.200465
0.200008
0.200099
0.200557
0.200755
0.200435
0.200175
0.200145
0.200801
0.200999
0.200328
0.200664
0.200374
0.200725
0.20045
0.20074
0.200984
0.20074
0.200282
0.200114
0.200511
0.200435
0.200587
0.200847
0.200069
0.200664
0.200084
0.200969
0.200008
0.200893
0.200298
0.200114
0.200832
0.200542
0.200084
0.200877
0.200542
0.200496
0.200099
0.200252
0.20071
0.200755
0.200832
0.200359
0.20045
0.200053
0.200313
0.200938
0.200053
0.200938
0.200481
0.200587
0.200557
0.200191
0.200023
0.200389
0.200648
0.200786
0.200984
0.200404
0.200862
0.200359
0.200923
0.200023
0.20042
0.200572
0.200282
0.200313
0.200587
0.200862
0.200114
0.200786
0.200221
0.200923
0.200786
0.200298
0.200969
0.200496
0.200145
0.200206
0.200984
0.200572
0.200526
0.200694
0.200694
0.200893
0.200526
0.200755
0.200267
0.20013
0.200008
0.200465
0.200877
0.200298
0.200816
0.200557
0.200221
0.200206
0.200679
0.200862
0.200389
0.20042
0.200771
0.200572
0.200786
0.200404
0.200481
0.200923
0.200496
0.200343
0.200694
0.200374
0.200725
0.200801
0.200114
0.200847
0.200008
0.200771
0.200557
0.20045
0.200877
0.200816
0.200313
0.200618
0.200954
0.200069
0.200389
0.200038
0.200923
0.200618
0.200343
0.200801
0.200679
0.200237
0.200694
0.200877
0.200771
0.20016
0.20042
0.200725
0.200603
0.200862
0.200191
0.200374
0.200969
0.200908
0.200496
0.200252
0.200816
0.200984
0.200389
0.200252
0.200084
0.200526
0.200328
0.200343
0.200603
0.200908
0.200664
0.200237
0.200175
0.200603
0.20074
0.200954
0.200969
0.200587
0.20016
0.200069
0.200999
0.200267
0.200023
0.200954
0.200725
0.200237
0.200801
0.200221
0.20045
0.200938
0.200435
0.200511
0.200725
0.200206
0.200481
0.200404
0.200633
0.200648
0.200069
0.20071
0.200191
0.20016
0.20071
0.200145
0.200816
0.200359
0.200908
0.200267
0.200969
0.20016
0.200343
0.200038
0.20042
0.200313
0.200526
0.20071
0.200893
0.200038
0.200603
0.200099
0.200374
0.200679
0.200801
0.200053
0.20013
0.200633
0.200908
0.200481
0.200633
0.20013
0.200465
0.200847
0.200435
0.200954
0.200999
0.200023
0.200099
0.200404
0.200328
0.20074
0.200282
0.200221
0.200175
0.200053
0.200557
0.200893
0.200633
0.200572
0.200847
0.200237
0.200359
0.200648
0.200069
0.200298
0.200938
0.200313
0.200511
0.200618
0.200145
0.300356
0.300081
0.30005
0.30089
0.300249
0.300584
0.30092
0.300386
0.300203
0.300462
0.300859
0.300691
0.300691
0.300264
0.300554
0.300966
0.300661
0.300065
0.300783
0.300157
0.300172
0.300905
0.300523
0.30089
0.300844
0.300356
0.300188
0.300554
0.300218
0.300233
0.300935
0.300294
0.300005
0.300218
0.300417
0.300127
0.300188
0.300478
0.300813
0.300645
0.300539
0.300447
0.300279
0.300508
0.300615
0.300066
0.30034
0.300416
0.300676
0.300752
0.300981
0.300142
0.300386
0.300798
0.300401
0.300981
0.300172
0.300722
0.30005
0.300005
0.300676
0.300706
0.300249
0.300233
0.300645
0.300127
0.30092
0.300829
0.300004
0.300371
0.300264
0.300661
0.300478
0.30089
0.300523
0.300569
0.300996
0.300142
0.300676
0.300127
0.300432
0.300996
0.300081
0.30031
0.300798
0.300783
0.300798
0.300722
0.300554
0.300294
0.300645
0.300783
0.300584
0.300874
0.300569
0.300569
0.30002
0.300569
0.30063
0.300798
0.300951
0.300508
0.300096
0.300279
0.300737
0.300355
0.300844
0.3006
0.300462
0.300264
0.300508
0.300737
0.300951
0.300661
0.300661
0.300371
0.3006
0.300508
0.300172
0.300264
0.300523
0.300478
0.300767
0.300005
0.300706
0.300859
0.300035
0.300218
0.300233
0.300539
0.30063
0.300325
0.300111
0.300752
0.300768
0.300096
0.30089
0.300325
0.300493
0.300401
0.300462
0.300279
0.300157
0.300386
0.300829
0.30092
0.300615
0.300493
0.300691
0.300676
0.300233
0.300813
0.300752
0.300722
0.300432
0.300951
0.300874
0.300615
0.300218
0.300844
0.300844
0.300584
0.300035
0.30005
0.300066
0.300645
0.300706
0.300081
0.300203
0.300737
0.300767
0.300966
0.300294
0.300142
0.300996
0.300874
0.300523
0.300493
0.300203
0.300172
0.300981
0.300355
0.300188
0.300478
0.300859
0.300081
0.300096
0.300066
0.300539
0.300371
0.300905
0.300828
0.30092
0.300401
0.300157
0.300111
0.300752
0.3006
0.300401
0.300783
0.3006
0.300844
0.300462
0.300691
0.300813
0.300996
0.300203
0.300432
0.300035
0.300706
0.30031
0.300096
0.300493
0.300355
0.300859
0.300325
0.300722
0.300249
0.3006
0.300294
0.300813
0.300188
0.30002
0.300417
0.300554
0.300554
0.30031
0.300157
0.30063
0.300111
0.300127
0.30034
0.30063
0.300981
0.300325
0.30005
0.30002
0.300066
0.300035
0.300447
0.300874
0.30034
0.300935
0.300539
0.300966
0.300447
0.300798
0.30034
0.30031
0.300951
0.300111
0.300584
0.300142
0.300905
0.300447
0.300737
0.300905
0.300935
0.300416
0.30002
0.300829
0.300249
0.300615
0.300111
0.300966
0.300279
0.300935
0.30031
0.300767
0.300432
0.300386
0.300371
0.300356
0.300081
0.30005
0.30089
0.300249
0.300584
0.30092
0.300386
0.300203
0.300462
0.300859
0.300691
0.300691
0.300264
0.300554
0.300966
0.300661
0.300065
0.300783
0.300157
0.300172
0.300905
0.300523
0.30089
0.300844
0.300356
0.300188
0.300554
0.300218
0.300233
0.300935
0.300294
0.300005
0.300218
0.300417
0.300127
0.300188
0.300478
0.300813
0.300645
0.300539
0.300447
0.300279
0.300508
0.300615
0.300066
0.30034
0.300416
0.300676
0.300752
0.300981
0.300142
0.300386
0.300798
0.300401
0.300981
0.300172
0.300722
0.30005
0.300005
0.300676
0.300706
0.300249
0.300233
0.300645
0.300127
0.30092
0.300829
0.300004
0.300371
0.300264
0.300661
0.300478
0.30089
0.300523
0.300569
0.300996
0.300142
0.300676
0.300127
0.300432
0.300996
0.300081
0.30031
0.300798
0.300783
0.300798
0.300722
0.300554
0.300294
0.300645
0.300783
0.300584
0.300874
0.300569
0.300569
0.30002
0.300569
0.30063
0.300798
0.300951
0.300508
0.300096
0.300279
0.300737
0.300355
0.300844
0.3006
0.300462
0.300264
0.300508
0.300737
0.300951
0.300661
0.300661
0.300371
0.3006
0.300508
0.300172
0.300264
0.300523
0.300478
0.300767
0.300005
0.300706
0.300859
0.300035
0.300218
0.300233
0.300539
0.30063
0.300325
0.300111
0.300752
0.300768
0.300096
0.30089
0.300325
0.300493
0.300401
0.300462
0.300279
0.300157
0.300386
0.300829
0.30092
0.300615
0.300493
0.300691
0.300676
0.300233
0.300813
0.300752
0.300722
0.300432
0.300951
0.300874
0.300615
0.300218
0.300844
0.300844
0.300584
0.300035
0.30005
0.300066
0.300645
0.300706
0.300081
0.300203
0.300737
0.300767
0.300966
0.300294
0.300142
0.300996
0.300874
0.300523
0.300493
0.300203
0.300172
0.300981
0.300355
0.300188
0.300478
0.300859
0.300081
0.300096
0.300066
0.300539
0.300371
0.300905
0.300828
0.30092
0.300401
0.300157
0.300111
0.300752
0.3006
0.300401
0.300783
0.3006
0.300844
0.300462
0.300691
0.300813
0.300996
0.300203
0.300432
0.300035
0.300706
0.30031
0.300096
0.300493
0.300355
0.300859
0.300325
0.300722
0.300249
0.3006
0.300294
0.300813
0.300188
0.30002
0.300417
0.300554
0.300554
0.30031
0.300157
0.30063
0.300111
0.300127
0.30034
0.30063
0.300981
0.300325
0.30005
0.30002
0.300066
0.300035
0.300447
0.300874
0.30034
0.300935
0.300539
0.300966
0.300447
0.300798
0.30034
0.30031
0.300951
0.300111
0.300584
0.300142
0.300905
0.300447
0.300737
0.300905
0.300935
0.300416
0.30002
0.300829
0.300249
0.300615
0.300111
0.300966
0.300279
0.300935
0.30031
0.300767
0.300432
0.300386
0.300371
0.300356
0.300081
0.30005
0.30089
0.300249
0.300584
0.30092
0.300386
0.300203
0.300462
0.300859
0.300691
0.300691
0.300264
0.300554
0.300966
0.300661
0.300065
0.300783
0.300157
0.300172
0.300905
0.300523
0.30089
0.300844
0.300356
0.300188
0.300554
0.300218
0.300233
0.300935
0.300294
0.300005
0.300218
0.300417
0.300127
0.300188
0.300478
0.300813
0.300645
0.300539
0.300447
0.300279
0.300508
0.300615
0.300066
0.30034
0.300416
0.300676
0.300752
0.300981
0.300142
0.300386
0.300798
0.300401
0.300981
0.300172
0.300722
0.30005
0.300005
0.300676
0.300706
0.300249
0.300233
0.300645
0.300127
0.30092
0.300829
0.300004
0.300371
0.300264
0.300661
0.300478
0.30089
0.300523
0.300569
0.300996
0.300142
0.300676
0.300127
0.300432
0.300996
0.300081
0.30031
0.300798
0.300783
0.300798
0.300722
0.300554
0.300294
0.300645
0.300783
0.300584
0.300874
0.300569
0.300569
0.30002
0.300569
0.30063
0.300798
0.300951
0.300508
0.300096
0.300279
0.300737
0.300355
0.300844
0.3006
0.300462
0.300264
0.300508
0.300737
0.300951
0.300661
0.300661
0.300371
0.3006
0.300508
0.300172
0.300264
0.300523
0.300478
0.300767
0.300005
0.300706
0.300859
0.300035
0.300218
0.300233
0.300539
0.30063
0.300325
0.300111
0.300752
0.300768
0.300096
0.30089
0.300325
0.300493
0.300401
0.300462
0.300279
0.300157
0.300386
0.300829
0.30092
0.300615
0.300493
0.300691
0.300676
0.300233
0.300813
0.300752
0.300722
0.300432
0.300951
0.300874
0.300615
0.300218
0.300844
0.300844
0.300584
0.300035
0.30005
0.300066
0.300645
0.300706
0.300081
0.300203
0.300737
0.300767
0.300966
0.300294
0.300142
0.300996
0.300874
0.300523
0.300493
0.300203
0.300172
0.300981
0.300355
0.300188
0.300478
0.300859
0.300081
0.300096
0.300066
0.300539
0.300371
0.300905
0.300828
0.30092
0.300401
0.300157
0.300111
0.300752
0.3006
0.300401
0.300783
0.3006
0.300844
0.300462
0.300691
0.300813
0.300996
0.300203
0.300432
0.300035
0.300706
0.30031
0.300096
0.300493
0.300355
0.300859
0.300325
0.300722
0.300249
0.3006
0.300294
0.300813
0.300188
0.30002
0.300417
0.300554
0.300554
0.30031
0.300157
0.30063
0.300111
0.300127
0.30034
0.30063
0.300981
0.300325
0.30005
0.30002
0.300066
0.300035
0.300447
0.300874
0.30034
0.300935
0.300539
0.300966
0.300447
0.300798
0.30034
0.30031
0.300951
0.300111
0.300584
0.300142
0.300905
0.300447
0.300737
0.300905
0.300935
0.300416
0.30002
0.300829
0.300249
0.300615
0.300111
0.300966
0.300279
0.300935
0.30031
0.300767
0.300432
0.300386
0.300371
0.300356
0.300081
0.30005
0.30089
0.300249
0.300584
0.30092
0.300386
0.300203
0.300462
0.300859
0.300691
0.300691
0.300264
0.300554
0.300966
0.300661
0.300065
0.300783
0.300157
0.300172
0.300905
0.300523
0.30089
0.300844
0.300356
0.300188
0.300554
0.300218
0.300233
0.300935
0.300294
0.300005
0.300218
0.300417
0.300127
0.300188
0.300478
0.300813
0.300645
0.300539
0.300447
0.300279
0.300508
0.300615
0.300066
0.30034
0.300416
0.300676
0.300752
0.300981
0.300142
0.300386
0.300798
0.300401
0.300981
0.300172
0.300722
0.30005
0.300005
0.300676
0.300706
0.300249
0.300233
0.300645
0.300127
0.30092
0.300829
0.300004
0.300371
0.300264
0.300661
0.300478
0.30089
0.300523
0.300569
0.300996
0.300142
0.300676
0.300127
0.300432
0.300996
0.300081
0.30031
0.300798
0.300783
0.300798
0.300722
0.300554
0.300294
0.300645
0.300783
0.300584
0.300874
0.300569
0.300569
0.30002
0.300569
0.30063
0.300798
0.300951
0.300508
0.300096
0.300279
0.300737
0.300355
0.300844
0.3006
0.300462
0.300264
0.300508
0.300737
0.300951
0.300661
0.300661
0.300371
0.3006
0.300508
0.300172
0.300264
0.300523
0.300478
0.300767
0.300005
0.300706
0.300859
0.300035
0.300218
0.300233
0.300539
0.30063
0.300325
0.300111
0.300752
0.300768
0.300096
0.30089
0.300325
0.300493
0.300401
0.300462
0.300279
0.300157
0.300386
0.300829
0.30092
0.300615
0.300493
0.300691
0.300676
0.300233
0.300813
0.300752
0.300722
0.300432
0.300951
0.300874
0.300615
0.300218
0.300844
0.300844
0.300584
0.300035
0.30005
0.300066
0.300645
0.300706
0.300081
0.300203
0.300737
0.300767
0.300966
0.300294
0.300142
0.300996
0.300874
0.300523
0.300493
0.300203
0.300172
0.300981
0.300355
0.300188
0.300478
